[AUTHENTICATION]
accesstoken1 = 1954886899.5770177.4b6e70ee99fd4d22b9692e670dd3975b
clientid1    = 5770177b510b418f8a1b49bfca26434c

accesstoken2 = 1914086902.97fa1f7.9960e049f9c84885bd3a18a34c7e72a0
clientid2    = 97fa1f7238c14103b27b2c35df17b08c

accesstoken3 = 1932886903.4761b44.a8ae537a700f4bfb9edff4c594bc3a91
clientid3    = 4761b44637f546ffa54afc022b199830

accesstoken4 = 2040886918.fcc78ec.74a9dd3079d14b2e9433d01ae84b6234
clientid4    = fcc78ecf676f43a4b1c3f1771dd5239d

accesstoken5 = 1967286922.b32a6f8.8375d0b477ca423d80e590abb59f0a07
clientid5    = b32a6f857e5845e49493912d149af4bd

accesstoken6 = 2080086924.c8f4a77.c797b1ec27714a15bec6b9ecdb062481
clientid6    = c8f4a77624864e5f9f45190f9fad7cd6

accesstoken7 = 1956486946.2e7f2fc.a3724cedd92547ebad6b041ee227becc
clientid7    = 2e7f2fc408f84864ae0e69ddbee8cd27

accesstoken8 = 2016486926.a864021.394411535cf64c01bf7a9115693cf997
clientid8    = a8640212802b492e91774dc5bd92cd1a

accesstoken9 = 1965299212.9e47625.91442dc5d2834cc69ab05916c8700dba
clientid9    = 9e47625410ff4dff83039c5b7817420e

accesstoken10 = 1900499213.c6d969a.c700b9677d084763b0d14c8651a01300
clientid10    = c6d969aa38444a45b8309b79ea768129

accesstoken11 = 2049699213.76d4ddd.0408f997e0df405bb49b5426a9ebdae8
clientid11    = 76d4ddd561c64460814c224b1906d7a9

accesstoken12 = 1948899214.7e6672b.4c4a6dfbea0746f9b1cefe3ef708934a
clientid12    = 7e6672b694434446984ad79d1be467b9
